0 0.077143 0.558824 0.097143 0.100000
0 0.332857 0.620588 0.097143 0.100000
0 0.512857 0.952941 0.097143 0.100000
0 0.604286 0.926471 0.097143 0.100000
0 0.757143 0.923529 0.097143 0.100000
1 0.660000 0.832353 0.097143 0.100000
1 0.841429 0.857353 0.097143 0.100000
1 0.934286 0.736765 0.097143 0.100000
1 0.691429 0.501471 0.097143 0.100000
5 0.534286 0.211765 0.097143 0.100000
6 0.397143 0.388235 0.097143 0.100000
7 0.197143 0.258824 0.097143 0.100000
8 0.497143 0.261765 0.097143 0.100000
9 0.382857 0.179412 0.097143 0.100000
10 0.828571 0.564706 0.097143 0.100000
