1 0.670000 0.667647 0.097143 0.100000
1 0.807143 0.770588 0.097143 0.100000
1 0.501429 0.550000 0.097143 0.100000
1 0.878571 0.076471 0.097143 0.100000
0 0.081429 0.886765 0.097143 0.100000
0 0.332857 0.700000 0.097143 0.100000
0 0.425714 0.804412 0.097143 0.100000
0 0.562857 0.848529 0.097143 0.100000
0 0.877143 0.854412 0.097143 0.100000
0 0.788571 0.632353 0.097143 0.100000
5 0.537143 0.214706 0.097143 0.100000
5 0.960000 0.764706 0.097143 0.100000
6 0.397143 0.391176 0.097143 0.100000
10 0.174286 0.426471 0.097143 0.100000
7 0.202857 0.261765 0.097143 0.100000
9 0.374286 0.179412 0.097143 0.100000
