0 0.231429 0.598529 0.097143 0.100000
0 0.471429 0.485294 0.097143 0.100000
0 0.070000 0.105882 0.097143 0.100000
1 0.271429 0.255882 0.097143 0.100000
1 0.322857 0.150000 0.097143 0.100000
1 0.568571 0.436765 0.097143 0.100000
1 0.745714 0.426471 0.097143 0.100000
1 0.895714 0.811765 0.097143 0.100000
5 0.537143 0.208824 0.097143 0.100000
8 0.511429 0.726471 0.097143 0.100000
8 0.491429 0.270588 0.097143 0.100000
5 0.462857 0.788235 0.097143 0.100000
9 0.617143 0.811765 0.097143 0.100000
10 0.831429 0.564706 0.097143 0.100000
10 0.185714 0.426471 0.097143 0.100000
