0 0.077143 0.114706 0.097143 0.100000
0 0.030000 0.220588 0.097143 0.100000
0 0.260000 0.576471 0.097143 0.100000
0 0.488571 0.426471 0.097143 0.100000
1 0.274286 0.241176 0.097143 0.100000
1 0.421429 0.079412 0.097143 0.100000
1 0.668571 0.385294 0.097143 0.100000
1 0.751429 0.407353 0.097143 0.100000
1 0.935714 0.879412 0.097143 0.100000
5 0.465714 0.779412 0.097143 0.100000
5 0.531429 0.208824 0.097143 0.100000
4 0.754286 0.473529 0.097143 0.100000
10 0.828571 0.567647 0.097143 0.100000
10 0.185714 0.429412 0.097143 0.100000
9 0.622857 0.805882 0.097143 0.100000
