0 0.185714 0.375000 0.097143 0.100000
0 0.190000 0.430882 0.097143 0.100000
0 0.321429 0.442647 0.097143 0.100000
0 0.368571 0.495588 0.097143 0.100000
1 0.407143 0.444118 0.097143 0.100000
1 0.482857 0.513235 0.097143 0.100000
1 0.820000 0.560294 0.097143 0.100000
1 0.950000 0.842647 0.097143 0.100000
1 0.277143 0.048529 0.097143 0.100000
0 0.610000 0.958824 0.097143 0.100000
4 0.265714 0.517647 0.097143 0.100000
4 0.751429 0.482353 0.097143 0.100000
5 0.474286 0.773529 0.097143 0.100000
5 0.525714 0.205882 0.097143 0.100000
9 0.625714 0.811765 0.097143 0.100000
9 0.385714 0.179412 0.097143 0.100000
8 0.502857 0.264706 0.097143 0.100000
